5 15 22 12 7 20 23 0 8 7 20 22 22 3 5 7 5
1 3 7 3 0 7 5 1 20 5 0 5 0 7 20 5 22
5 17 5 7 15 5 5 0 17 3 17 5 23 10 9 1 5
7 5 15 0 3 0 7 2 5 15 3 15 0 17 0 1 0
0 22 0 12 5 17 5 0 23 5 19 0 1 5 9 10 3
18 5 3 15 0 10 9 15 20 0 10 5 12 23 20 5 7
20 9 9 22 10 23 0 23 12 12 15 0 5 0 19 0 9
5 0 10 5 1 20 9 10 0 5 0 25 7 5 19 4 5
23 10 3 7 5 23 0 24 10 23 17 20 0 23 0 2 0
0 14 0 20 0 10 23 5 10 0 10 7 7 20 11 10 23
18 3 22 10 22 0 20 0 15 4 20 25 5 0 5 15 10
10 10 7 0 10 3 15 24 5 20 15 0 15 22 7 5 6
9 0 5 20 15 2 10 20 0 23 26 17 20 5 9 0 12
25 10 3 19 0 17 0 23 10 10 0 10 0 23 5 10 7
0 21 0 10 7 5 10 23 0 24 10 9 15 22 0 15 0
1 5 19 19 20 0 17 20 9 10 9 0 16 12 15 22 10
10 23 10 0 10 1 10 0 10 0 15 16 2 24 5 7 22
23 0 1 5 17 5 9 25 22 10 1 0 12 0 4 0 5
5 17 5 23 0 24 10 3 0 6 10 2 9 17 10 19 19
9 20 9 20 11 5 0 6 5 6 7 10 0 3 7 10 9
20 12 22 10 0 15 12 3 15 10 0 9 10 11 10 13 12
22 7 10 15 15 5 0 15 4 3 9 17 0 5 22 10 22
10 A 14 Q 3 U 10 A
