13 18 24 0 7 16 1 22 0 11 1 26 1 0 18 26 2
16 4 15 17 16 3 0 2 4 1 19 0 4 2 21 1 12
21 1 4 0 15 6 24 4 0 24 2 3 24 15 0 19 12
2 0 18 17 19 0 1 15 10 1 12 0 12 2 9 2 8
6 16 3 2 19 22 2 0 12 0 18 26 18 0 12 1 16
0 4 0 22 0 2 16 19 18 17 4 2 14 17 1 22 0
26 18 10 22 2 19 0 15 26 22 0 12 0 12 15 1 17
15 0 2 1 4 1 15 6 0 2 22 2 10 2 1 0 12
4 2 22 1 11 0 6 14 26 3 2 12 0 3 1 5 2
5 0 24 0 2 12 18 26 2 0 19 15 9 9 0 1 4
2 19 19 12 1 1 0 26 15 5 26 0 2 10 10 15 5
24 1 18 0 12 18 5 1 0 24 1 6 1 1 12 19 0
1 22 4 6 19 0 18 22 5 2 4 0 12 0 15 2 2 
0 8 0 12 15 24 1 22 18 0 2 21 12 2 19 16 6
21 1 17 2 4 2 19 0 12 2 16 22 2 0 19 0 6
16 12 0 11 0 16 26 2 10 19 0 2 0 4 1 4 2
22 0 20 1 22 20 1 6 0 8 2 16 21 1 22 1 15
14 25 2 4 0 15 0 6 1 1 16 10 1 22 0 16 0
26 0 4 0 6 19 18 16 19 0 6 0 17 2 22 19 1
2 1 19 4 2 0 16 22 26 1 24 1 22 0 15 22 22
16 4 1 0 23 26 6 0 18 22 2 0 1 12 19 18 4
6 1 4 5 1 0 1 6 6 12 16 6 19 0 2 4 2
22 R 2 A 19 T 1 E
