3 16 6 12 14 0 18 1 8 14 16 15 0 26 7 23 1
15 0 12 7 7 3 15 0 1 0 5 22 3 7 0 1 0
20 16 15 14 15 0 15 16 20 26 15 8 0 20 1 6 12
22 0 8 0 5 16 20 2 1 22 0 7 18 1 20 24 15
26 14 22 8 21 26 15 15 0 26 22 18 15 8 11 0 22
26 1 11 1 0 6 0 1 13 1 14 1 8 0 1 26 26
0 11 0 26 6 12 22 5 15 0 1 0 26 14 22 18 26
11 1 26 14 15 5 20 0 20 15 12 4 15 8 0 25 0
15 24 15 5 20 0 24 1 2 16 0 15 0 1 1 8 15
14 0 12 7 14 15 5 0 15 8 11 14 15 16 5 0 16
14 22 14 26 16 0 1 24 14 15 22 8 0 20 15 16 2
5 0 15 0 4 1 8 1 14 0 12 7 26 15 0 19 0
15 5 26 14 15 8 0 18 1 6 15 0 24 15 9 16 8
8 22 14 12 0 21 17 7 0 1 16 20 22 0 5 7 22
0 5 0 7 18 14 16 24 15 8 0 16 8 5 1 20 2
12 22 8 8 1 0 5 0 20 15 18 15 8 0 22 0 15
1 0 15 0 18 9 5 22 3 0 9 5 16 4 4 15 8
8 1 20 2 1 5 15 0 14 22 15 5 5 15 0 8 0
14 12 15 7 0 7 20 14 1 8 16 7 0 5 1 7 20
4 1 3 10 1 8 0 7 5 1 9 0 14 7 8 14 15
22 0 1 5 11 15 8 14 0 6 15 13 15 20 20 15 20
14 7 14 15 16 26 0 7 15 12 8 0 5 15 7 20 15
24 K 1 A 2 D 16 I
